var_username,var_password
ranorex webtest new,ranorex
